11111111111110100000000001111111
11111111100000000000000000000001
00000000000000000000000000000000
00000000000000011110000000000000
00000000000011111111110000000000
00000000000111111111111100000000
00000000001100000000111100000000
00000000000000000000001110000000
00000000000000000000001110000000
00000000000000000000001110000000
00000000000000000000001100000000
00000000000000000000011000000000
00000000000000000001110000000000
00000000000000000111100000000000
00000000000000111110000000000000
00000000000001111111100000000000
00000000000000000111110000000000
00000000000000000000111000000000
00000000000000000000011100000000
00000000000000000000001110000000
00000000000000000000001110000000
00000000000000000000001110000000
00000000000000000000001100000000
00000000000000000000011100000000
00000000000000000000011000000000
00000000000000000001110000000000
00000000000000000111100000000000
00000000110011111110000000000000
00000001111111111000000000000000
00000000111111000000000000000000
00000000000000000000000000000000
00000000000000000000000000000000
