00000000000111111111110000000000
00000011111111111111111111000000
00000111111111111111111111111000
00001111111000000001111111111100
00011111000000000000000111111110
00111110000000000000000011111110
01111110000000000000000011111111
11111100000000000000000011111111
11111100000000000000000111111110
11111100000000000000001111111100
11111110000000000000001111111100
01111110000000000000011111111100
01111111000000000000011111111000
00111111110000000011111111111000
00111111111111111111111111110000
00001111111111111111111111110000
00000011111111111111111111100000
00000000011110000111111111000000
00000000000000000111111110000000
00000000000000001111111110000000
00000000000000011111111100000000
00000000000000111111111000000000
00000000000001111111110000000000
00000000000001111111100000000000
00000000000011111111100000000000
00000000000111111111000000000000
00000000000111111111000000000000
00000000001111111110000000000000
00000000001111111100000000000000
00000000001111000000000000000000
00000000001110000000000000000000
00000000000000000000000000000000
