00000000000000000000000000000000
00000000000000000000000000000000
00000000000000000000000000000000
00000000000000000000000000000000
00000000000000111100000000000000
00000000000011111111000000000000
00000000000111111111100000000000
00000000000111100111100000000000
00000000001111000001110000000000
00000000001110000001110000000000
00000000001110000001110000000000
00000000000000000001110000000000
00000000000000000001110000000000
00000000000000000011110000000000
00000000000000000011110000000000
00000000000000000111100000000000
00000000000000001111000000000000
00000000000000011111000000000000
00000000000000111110000000000000
00000000000001111100000000000000
00000000000011111000000000000000
00000000000011110000000000000000
00000000000111100000000000000000
00000000001111101000000000000000
00000000001111111111110000000000
00000000001111111111110000000000
00000000011111111111110000000000
00000000000000000000000000000000
00000000000000000000000000000000
00000000000000000000000000000000
00000000000000000000000000000000
00000000000000000000000000000000
