00000000000000000000000000000000
00000000000000000000000000000000
00000000000000000000000000000000
00000000000000000000000000000000
00000000000000000000000000000000
00000000000000000001110000000000
00000000000000000011110000000000
00000000000000000011110000000000
00000000000000000111110000000000
00000000000000001111110000000000
00000000000000001111110000000000
00000000000000011111110000000000
00000000000000111001110000000000
00000000000000111001110000000000
00000000000001110001110000000000
00000000000011100001110000000000
00000000000111100001110000000000
00000000000111000001110000000000
00000000001110000001110000000000
00000000011110000001110000000000
00000000011111111111111110000000
00000000011111111111111110000000
00000000011111111111111110000000
00000000000000000011110000000000
00000000000000000001110000000000
00000000000000000001110000000000
00000000000000000001110000000000
00000000000000000001110000000000
00000000000000000000000000000000
00000000000000000000000000000000
00000000000000000000000000000000
00000000000000000000000000000000
