00000000000000000000000000000000
00000000000000000000000000000000
00000000000000000000000000000000
00000000000000000000000000000000
00000000000000000000000000000000
00000000000000111100000000000000
00000000000011111111000000000000
00000000000111111111100000000000
00000000000111000011100000000000
00000000001111000001110000000000
00000000001110000001110000000000
00000000001110000001110000000000
00000000000110000011100000000000
00000000000011110111100000000000
00000000000001111110000000000000
00000000000011111111000000000000
00000000000111100011100000000000
00000000001111000001110000000000
00000000001110000001110000000000
00000000001110000001110000000000
00000000001110000001111000000000
00000000001110000001110000000000
00000000001110000001110000000000
00000000000111100111110000000000
00000000000011111111100000000000
00000000000001111110000000000000
00000000000000000000000000000000
00000000000000000000000000000000
00000000000000000000000000000000
00000000000000000000000000000000
00000000000000000000000000000000
00000000000000000000000000000000
