00000000000000000000000000000000
00000000000000000000000000000000
00000000000000000000000000000000
00000000000000000000000000000000
00000000000000000000000000000000
00000000000111100000000000000000
00000000011111110000000000000000
00000000111111111000000000000000
00000000111000111100000000000000
00000001110000011100000000000000
00000001110000001110000000000000
00000001110000001110000000000000
00000001110000001110000000000000
00000001110000001110000000000000
00000001110000011110000000000000
00000000110000011110000000000000
00000000111111111110000000000000
00000000011111101110000000000000
00000000000110001110000000000000
00000000000000001110000000000000
00000000000000001110000000000000
00000000110000011110000000000000
00000000110000011100000000000000
00000000111101111100000000000000
00000000111111111000000000000000
00000000001111100000000000000000
00000000000000000000000000000000
00000000000000000000000000000000
00000000000000000000000000000000
00000000000000000000000000000000
00000000000000000000000000000000
00000000000000000000000000000000
