00000000000000000000000000000000
00000000000000000000000000000000
00000000111111111111111110000000
00000000111111111111111110000000
00000111011111111111111101100000
00000111100000000000000011110000
00000111100000000000000011110000
00000111100000000000000011110000
00000111100000000000000011110000
00000111100000000000000011110000
00000111100000000000000011110000
00000111100000000000000011110000
00000111100000000000000011110000
00000111100000000000000011110000
00000111100000000000000011110000
00000011000000000000000001100000
00000000000000000000000000000000
00000011000000000000000001100000
00000111100000000000000011110000
00000111100000000000000011110000
00000111100000000000000011110000
00000111100000000000000011110000
00000111100000000000000011110000
00000111100000000000000011110000
00000111100000000000000011110000
00000111100000000000000011110000
00000111100000000000000011110000
00001111000000000000000011110000
00000110011111111111111101100000
00000000111111111111111110000000
00000000111111111111111110000000
00000000000000000000000000000000
