00000000000000000000000000000000
00000000001111111111110000000000
00000000011111111111111000000000
00000000001111111111111000000000
00000000000000000000000111000000
00000000000000000000000111000000
00000000000000000000000111000000
00000000000000000000000111000000
00000000000000000000000111000000
00000000000000000000000111000000
00000000000000000000000111000000
00000000000000000000000111000000
00000000000000000000000111000000
00000000000000000000000111000000
00000000000000000000000111000000
00000000011111111111111000000000
00000000011111111111111100000000
00000000000111111111110111000000
00000000000000000000000111000000
00000000000000000000000111000000
00000000000000000000000111000000
00000000000000000000000111000000
00000000000000000000000111000000
00000000000000000000000111000000
00000000000000000000000111000000
00000000000000000000000111000000
00000000000000000000000111000000
00000000000000000000000111000000
00000000001111111111111110000000
00000000011111111111111100000000
00000000001111111111111000000000
00000000000000000000000000000000
