00000000000000000000000000000000
00000000000000000000000000000000
00000111000000000000001110000000
00000111100000000000001111000000
00000111100000000000001111000000
00000111100000000000001111000000
00000111100000000000001111000000
00000111100000000000001111000000
00000111100000000000001111000000
00000111100000000000001111000000
00000111100000000000001111000000
00000111100000000000001111000000
00000111000000000000001110000000
00000000111111111111111000000000
00000000111111111111111000000000
00000000001111111111101110000000
00000000000000000000001111000000
00000000000000000000001111000000
00000000000000000000001111000000
00000000000000000000001111000000
00000000000000000000001111000000
00000000000000000000001111000000
00000000000000000000001111000000
00000000000000000000001111000000
00000000000000000000001111000000
00000000000000000000001110000000
00000000000000000000000100000000
00000000000000000000000000000000
00000000000000000000000000000000
00000000000000000000000000000000
00000000000000000000000000000000
00000000000000000000000000000000
