00000000000000000000000000000000
00000000011111111111111000000000
00000001111111111111111100000000
00000000111111111111111100000000
00001111000000000000000000000000
00001111000000000000000000000000
00001111000000000000000000000000
00001111000000000000000000000000
00001111000000000000000000000000
00001111000000000000000000000000
00001111000000000000000000000000
00001111000000000000000000000000
00001111000000000000000000000000
00001111000000000000000000000000
00001111000000000000000000000000
00000000111111111111111100000000
00000001111111111111111100000000
00000000011111111111111011100000
00000000000000000000000111110000
00000000000000000000000111110000
00000000000000000000000111110000
00000000000000000000000111110000
00000000000000000000000111110000
00000000000000000000000111110000
00000000000000000000000111110000
00000000000000000000000111110000
00000000000000000000000111110000
00000000000000000000000011100000
00000000111111111111111101000000
00000001111111111111111110000000
00000000011111111111111100000000
00000000000000000000000000000000
