00000000000000000000000000000000
00000000000000000000000000000000
00000000011111111111111110000000
00000000011111111111111110000000
00000001100111111111111100000000
00000011110000000000000000000000
00000011110000000000000000000000
00000011110000000000000000000000
00000011110000000000000000000000
00000011110000000000000000000000
00000011110000000000000000000000
00000011110000000000000000000000
00000011110000000000000000000000
00000011110000000000000000000000
00000011110000000000000000000000
00000001101111111111111100000000
00000000011111111111111110000000
00000001101111111111111101100000
00000011110000000000000011110000
00000011110000000000000011110000
00000011110000000000000011110000
00000011110000000000000011110000
00000011110000000000000011110000
00000011110000000000000011110000
00000011110000000000000011110000
00000011110000000000000011110000
00000011110000000000000011110000
00000011110000000000000011110000
00000001100111111111111101100000
00000000011111111111111110000000
00000000001111111111111110000000
00000000000000000000000000000000
