00000000000000000000000000000000
00000000000000000000000000000000
00000000011111111111111000000000
00000000011111111111111000000000
00000001101111111111110110000000
00000011110000000000001111000000
00000011110000000000001111000000
00000011110000000000001111000000
00000011110000000000001111000000
00000011110000000000001111000000
00000011110000000000001111000000
00000011110000000000001111000000
00000011110000000000001111000000
00000011110000000000001111000000
00000011110000000000001111000000
00000001101111111111110110000000
00000000011111111111111000000000
00000001101111111111111110000000
00000011100000000000001111000000
00000011110000000000001111000000
00000011110000000000001111000000
00000011110000000000001111000000
00000011110000000000001111000000
00000011110000000000001111000000
00000011110000000000001111000000
00000011110000000000001111000000
00000011110000000000001111000000
00000011110000000000001111000000
00000001101111111111110110000000
00000000011111111111111100000000
00000000011111111111111000000000
00000000000000000000000000000000
