00000000000000000000000000000000
00000000000000000000000000000000
00000000111111111111111000000000
00000000111111111111111000000000
00000011001111111111110110000000
00000111100000000000001111000000
00000111100000000000001111000000
00000111100000000000001111000000
00000111100000000000001111000000
00000111100000000000001111000000
00000111100000000000001111000000
00000111100000000000001111000000
00000111100000000000001111000000
00000111100000000000001111000000
00000111100000000000001111000000
00000011011111111111110110000000
00000000111111111111111000000000
00000000011111111111110110000000
00000000000000000000001111000000
00000000000000000000001111000000
00000000000000000000001111000000
00000000000000000000001111000000
00000000000000000000001111000000
00000000000000000000001111000000
00000000000000000000001111000000
00000000000000000000001111000000
00000000000000000000001111000000
00000000000000000000000110000000
00000000011111111111111100000000
00000000011111111111111000000000
00000000001111111111110000000000
00000000000000000000000000000000
