00000000000000000000000000000000
00000000000000000000000000000000
00000000000000000000000000000000
00000000000000000000000000000000
00000000000000000000000000000000
00000000000000000000000000000000
00000000000011111111110000000000
00000000000011111111110000000000
00000000000011111111110000000000
00000000000011100000000000000000
00000000000011100000000000000000
00000000000111000000000000000000
00000000000111000000000000000000
00000000000111011110000000000000
00000000000111111111000000000000
00000000000111111111100000000000
00000000000111100011110000000000
00000000000010000001110000000000
00000000000000000001111000000000
00000000000000000000111000000000
00000000000000000000111000000000
00000000000000000000111000000000
00000000000010000000111000000000
00000000001110000001111000000000
00000000001111000001110000000000
00000000000111110111110000000000
00000000000011111111100000000000
00000000000001111111000000000000
00000000000000000000000000000000
00000000000000000000000000000000
00000000000000000000000000000000
00000000000000000000000000000000
