00000000000000000000000000000000
00000000000000000000000000000000
00000000000000000000000000000000
00000000000000000000000000000000
00000000000000000000000000000000
00000000000001100000000000000000
00000000000111111000000000000000
00000000001111111100000000000000
00000000011110011100000000000000
00000000111100001110000000000000
00000000111000001110000000000000
00000000111000000000000000000000
00000000111000000000000000000000
00000001111000000000000000000000
00000001110011111000000000000000
00000001111111111000000000000000
00000001111110011100000000000000
00000001111100001110000000000000
00000001111000001110000000000000
00000001111000000110000000000000
00000001111000000111000000000000
00000001111000000111000000000000
00000000111000000110000000000000
00000000111000001110000000000000
00000000111000001110000000000000
00000000011111111110000000000000
00000000011111111100000000000000
00000000000111111000000000000000
00000000000000000000000000000000
00000000000000000000000000000000
00000000000000000000000000000000
00000000000000000000000000000000
